1.430399932861328125e+02 5.100000000000000000e+01 -5.520999908447265625e+01
1.430399932861328125e+02 5.100000000000000000e+01 -5.127000045776367188e+01
1.430399932861328125e+02 5.100000000000000000e+01 -4.733000183105468750e+01
1.430399932861328125e+02 5.100000000000000000e+01 -4.338999938964843750e+01
1.430399932861328125e+02 5.100000000000000000e+01 -3.911000061035156250e+01
1.430399932861328125e+02 5.100000000000000000e+01 -3.516999816894531250e+01
1.430399932861328125e+02 5.100000000000000000e+01 -3.122999954223632812e+01
1.430399932861328125e+02 5.100000000000000000e+01 -2.729000091552734375e+01
1.430399932861328125e+02 5.100000000000000000e+01 -2.301000022888183594e+01
1.430399932861328125e+02 5.100000000000000000e+01 -1.906999969482421875e+01
1.430399932861328125e+02 5.100000000000000000e+01 -1.513000011444091797e+01
1.430399932861328125e+02 5.100000000000000000e+01 -1.118999958038330078e+01
1.430399932861328125e+02 5.100000000000000000e+01 -6.909999847412109375e+00
1.430399932861328125e+02 5.100000000000000000e+01 -2.970000028610229492e+00
1.430399932861328125e+02 5.100000000000000000e+01 9.700000286102294922e-01
1.430399932861328125e+02 5.100000000000000000e+01 4.909999847412109375e+00
1.430399932861328125e+02 5.100000000000000000e+01 9.189999580383300781e+00
1.430399932861328125e+02 5.100000000000000000e+01 1.313000011444091797e+01
1.430399932861328125e+02 5.100000000000000000e+01 1.706999969482421875e+01
1.430399932861328125e+02 5.100000000000000000e+01 2.101000022888183594e+01
1.430399932861328125e+02 5.100000000000000000e+01 2.529000091552734375e+01
1.430399932861328125e+02 5.100000000000000000e+01 2.922999954223632812e+01
1.430399932861328125e+02 5.100000000000000000e+01 3.316999816894531250e+01
1.430399932861328125e+02 5.100000000000000000e+01 3.711000061035156250e+01
1.430399932861328125e+02 5.100000000000000000e+01 4.138999938964843750e+01
1.430399932861328125e+02 5.100000000000000000e+01 4.533000183105468750e+01
1.430399932861328125e+02 5.100000000000000000e+01 4.927000045776367188e+01
1.430399932861328125e+02 5.100000000000000000e+01 5.320999908447265625e+01
1.470800018310546875e+02 5.100000000000000000e+01 -5.520999908447265625e+01
1.470800018310546875e+02 5.100000000000000000e+01 -5.127000045776367188e+01
1.470800018310546875e+02 5.100000000000000000e+01 -4.733000183105468750e+01
1.470800018310546875e+02 5.100000000000000000e+01 -4.338999938964843750e+01
1.470800018310546875e+02 5.100000000000000000e+01 -3.911000061035156250e+01
1.470800018310546875e+02 5.100000000000000000e+01 -3.516999816894531250e+01
1.470800018310546875e+02 5.100000000000000000e+01 -3.122999954223632812e+01
1.470800018310546875e+02 5.100000000000000000e+01 -2.729000091552734375e+01
1.470800018310546875e+02 5.100000000000000000e+01 -2.301000022888183594e+01
1.470800018310546875e+02 5.100000000000000000e+01 -1.906999969482421875e+01
1.470800018310546875e+02 5.100000000000000000e+01 -1.513000011444091797e+01
1.470800018310546875e+02 5.100000000000000000e+01 -1.118999958038330078e+01
1.470800018310546875e+02 5.100000000000000000e+01 -6.909999847412109375e+00
1.470800018310546875e+02 5.100000000000000000e+01 -2.970000028610229492e+00
1.470800018310546875e+02 5.100000000000000000e+01 9.700000286102294922e-01
1.470800018310546875e+02 5.100000000000000000e+01 4.909999847412109375e+00
1.470800018310546875e+02 5.100000000000000000e+01 9.189999580383300781e+00
1.470800018310546875e+02 5.100000000000000000e+01 1.313000011444091797e+01
1.470800018310546875e+02 5.100000000000000000e+01 1.706999969482421875e+01
1.470800018310546875e+02 5.100000000000000000e+01 2.101000022888183594e+01
1.470800018310546875e+02 5.100000000000000000e+01 2.529000091552734375e+01
1.470800018310546875e+02 5.100000000000000000e+01 2.922999954223632812e+01
1.470800018310546875e+02 5.100000000000000000e+01 3.316999816894531250e+01
1.470800018310546875e+02 5.100000000000000000e+01 3.711000061035156250e+01
1.470800018310546875e+02 5.100000000000000000e+01 4.138999938964843750e+01
1.470800018310546875e+02 5.100000000000000000e+01 4.533000183105468750e+01
1.470800018310546875e+02 5.100000000000000000e+01 4.927000045776367188e+01
1.470800018310546875e+02 5.100000000000000000e+01 5.320999908447265625e+01
1.509199981689453125e+02 5.100000000000000000e+01 -5.520999908447265625e+01
1.509199981689453125e+02 5.100000000000000000e+01 -5.127000045776367188e+01
1.509199981689453125e+02 5.100000000000000000e+01 -4.733000183105468750e+01
1.509199981689453125e+02 5.100000000000000000e+01 -4.338999938964843750e+01
1.509199981689453125e+02 5.100000000000000000e+01 -3.911000061035156250e+01
1.509199981689453125e+02 5.100000000000000000e+01 -3.516999816894531250e+01
1.509199981689453125e+02 5.100000000000000000e+01 -3.122999954223632812e+01
1.509199981689453125e+02 5.100000000000000000e+01 -2.729000091552734375e+01
1.509199981689453125e+02 5.100000000000000000e+01 -2.301000022888183594e+01
1.509199981689453125e+02 5.100000000000000000e+01 -1.906999969482421875e+01
1.509199981689453125e+02 5.100000000000000000e+01 -1.513000011444091797e+01
1.509199981689453125e+02 5.100000000000000000e+01 -1.118999958038330078e+01
1.509199981689453125e+02 5.100000000000000000e+01 -6.909999847412109375e+00
1.509199981689453125e+02 5.100000000000000000e+01 -2.970000028610229492e+00
1.509199981689453125e+02 5.100000000000000000e+01 9.700000286102294922e-01
1.509199981689453125e+02 5.100000000000000000e+01 4.909999847412109375e+00
1.509199981689453125e+02 5.100000000000000000e+01 9.189999580383300781e+00
1.509199981689453125e+02 5.100000000000000000e+01 1.313000011444091797e+01
1.509199981689453125e+02 5.100000000000000000e+01 1.706999969482421875e+01
1.509199981689453125e+02 5.100000000000000000e+01 2.101000022888183594e+01
1.509199981689453125e+02 5.100000000000000000e+01 2.529000091552734375e+01
1.509199981689453125e+02 5.100000000000000000e+01 2.922999954223632812e+01
1.509199981689453125e+02 5.100000000000000000e+01 3.316999816894531250e+01
1.509199981689453125e+02 5.100000000000000000e+01 3.711000061035156250e+01
1.509199981689453125e+02 5.100000000000000000e+01 4.138999938964843750e+01
1.509199981689453125e+02 5.100000000000000000e+01 4.533000183105468750e+01
1.509199981689453125e+02 5.100000000000000000e+01 4.927000045776367188e+01
1.509199981689453125e+02 5.100000000000000000e+01 5.320999908447265625e+01
1.549600067138671875e+02 5.100000000000000000e+01 -5.520999908447265625e+01
1.549600067138671875e+02 5.100000000000000000e+01 -5.127000045776367188e+01
1.549600067138671875e+02 5.100000000000000000e+01 -4.733000183105468750e+01
1.549600067138671875e+02 5.100000000000000000e+01 -4.338999938964843750e+01
1.549600067138671875e+02 5.100000000000000000e+01 -3.911000061035156250e+01
1.549600067138671875e+02 5.100000000000000000e+01 -3.516999816894531250e+01
1.549600067138671875e+02 5.100000000000000000e+01 -3.122999954223632812e+01
1.549600067138671875e+02 5.100000000000000000e+01 -2.729000091552734375e+01
1.549600067138671875e+02 5.100000000000000000e+01 -2.301000022888183594e+01
1.549600067138671875e+02 5.100000000000000000e+01 -1.906999969482421875e+01
1.549600067138671875e+02 5.100000000000000000e+01 -1.513000011444091797e+01
1.549600067138671875e+02 5.100000000000000000e+01 -1.118999958038330078e+01
1.549600067138671875e+02 5.100000000000000000e+01 -6.909999847412109375e+00
1.549600067138671875e+02 5.100000000000000000e+01 -2.970000028610229492e+00
1.549600067138671875e+02 5.100000000000000000e+01 9.700000286102294922e-01
1.549600067138671875e+02 5.100000000000000000e+01 4.909999847412109375e+00
1.549600067138671875e+02 5.100000000000000000e+01 9.189999580383300781e+00
1.549600067138671875e+02 5.100000000000000000e+01 1.313000011444091797e+01
1.549600067138671875e+02 5.100000000000000000e+01 1.706999969482421875e+01
1.549600067138671875e+02 5.100000000000000000e+01 2.101000022888183594e+01
1.549600067138671875e+02 5.100000000000000000e+01 2.529000091552734375e+01
1.549600067138671875e+02 5.100000000000000000e+01 2.922999954223632812e+01
1.549600067138671875e+02 5.100000000000000000e+01 3.316999816894531250e+01
1.549600067138671875e+02 5.100000000000000000e+01 3.711000061035156250e+01
1.549600067138671875e+02 5.100000000000000000e+01 4.138999938964843750e+01
1.549600067138671875e+02 5.100000000000000000e+01 4.533000183105468750e+01
1.549600067138671875e+02 5.100000000000000000e+01 4.927000045776367188e+01
1.549600067138671875e+02 5.100000000000000000e+01 5.320999908447265625e+01
2.549900054931640625e+02 5.100000000000000000e+01 -6.325999832153320312e+01
2.549900054931640625e+02 5.100000000000000000e+01 -5.931999969482421875e+01
2.549900054931640625e+02 5.100000000000000000e+01 -5.538000106811523438e+01
2.549900054931640625e+02 5.100000000000000000e+01 -5.143999862670898438e+01
2.549900054931640625e+02 5.100000000000000000e+01 -4.715999984741210938e+01
2.549900054931640625e+02 5.100000000000000000e+01 -4.322000122070312500e+01
2.549900054931640625e+02 5.100000000000000000e+01 -3.927999877929687500e+01
2.549900054931640625e+02 5.100000000000000000e+01 -3.534000015258789062e+01
2.549900054931640625e+02 5.100000000000000000e+01 -3.105999946594238281e+01
2.549900054931640625e+02 5.100000000000000000e+01 -2.712000083923339844e+01
2.549900054931640625e+02 5.100000000000000000e+01 -2.318000030517578125e+01
2.549900054931640625e+02 5.100000000000000000e+01 -1.923999977111816406e+01
2.549900054931640625e+02 5.100000000000000000e+01 -1.496000003814697266e+01
2.549900054931640625e+02 5.100000000000000000e+01 -1.102000045776367188e+01
2.549900054931640625e+02 5.100000000000000000e+01 -7.079999923706054688e+00
2.549900054931640625e+02 5.100000000000000000e+01 -3.140000104904174805e+00
2.549900054931640625e+02 5.100000000000000000e+01 1.139999985694885254e+00
2.549900054931640625e+02 5.100000000000000000e+01 5.079999923706054688e+00
2.549900054931640625e+02 5.100000000000000000e+01 9.020000457763671875e+00
2.549900054931640625e+02 5.100000000000000000e+01 1.296000003814697266e+01
2.549900054931640625e+02 5.100000000000000000e+01 1.723999977111816406e+01
2.549900054931640625e+02 5.100000000000000000e+01 2.118000030517578125e+01
2.549900054931640625e+02 5.100000000000000000e+01 2.512000083923339844e+01
2.549900054931640625e+02 5.100000000000000000e+01 2.905999946594238281e+01
2.549900054931640625e+02 5.100000000000000000e+01 3.334000015258789062e+01
2.549900054931640625e+02 5.100000000000000000e+01 3.727999877929687500e+01
2.549900054931640625e+02 5.100000000000000000e+01 4.122000122070312500e+01
2.549900054931640625e+02 5.100000000000000000e+01 4.515999984741210938e+01
2.549900054931640625e+02 5.100000000000000000e+01 4.943999862670898438e+01
2.549900054931640625e+02 5.100000000000000000e+01 5.338000106811523438e+01
2.549900054931640625e+02 5.100000000000000000e+01 5.731999969482421875e+01
2.549900054931640625e+02 5.100000000000000000e+01 6.125999832153320312e+01
2.590299987792968750e+02 5.100000000000000000e+01 -6.325999832153320312e+01
2.590299987792968750e+02 5.100000000000000000e+01 -5.931999969482421875e+01
2.590299987792968750e+02 5.100000000000000000e+01 -5.538000106811523438e+01
2.590299987792968750e+02 5.100000000000000000e+01 -5.143999862670898438e+01
2.590299987792968750e+02 5.100000000000000000e+01 -4.715999984741210938e+01
2.590299987792968750e+02 5.100000000000000000e+01 -4.322000122070312500e+01
2.590299987792968750e+02 5.100000000000000000e+01 -3.927999877929687500e+01
2.590299987792968750e+02 5.100000000000000000e+01 -3.534000015258789062e+01
2.590299987792968750e+02 5.100000000000000000e+01 -3.105999946594238281e+01
2.590299987792968750e+02 5.100000000000000000e+01 -2.712000083923339844e+01
2.590299987792968750e+02 5.100000000000000000e+01 -2.318000030517578125e+01
2.590299987792968750e+02 5.100000000000000000e+01 -1.923999977111816406e+01
2.590299987792968750e+02 5.100000000000000000e+01 -1.496000003814697266e+01
2.590299987792968750e+02 5.100000000000000000e+01 -1.102000045776367188e+01
2.590299987792968750e+02 5.100000000000000000e+01 -7.079999923706054688e+00
2.590299987792968750e+02 5.100000000000000000e+01 -3.140000104904174805e+00
2.590299987792968750e+02 5.100000000000000000e+01 1.139999985694885254e+00
2.590299987792968750e+02 5.100000000000000000e+01 5.079999923706054688e+00
2.590299987792968750e+02 5.100000000000000000e+01 9.020000457763671875e+00
2.590299987792968750e+02 5.100000000000000000e+01 1.296000003814697266e+01
2.590299987792968750e+02 5.100000000000000000e+01 1.723999977111816406e+01
2.590299987792968750e+02 5.100000000000000000e+01 2.118000030517578125e+01
2.590299987792968750e+02 5.100000000000000000e+01 2.512000083923339844e+01
2.590299987792968750e+02 5.100000000000000000e+01 2.905999946594238281e+01
2.590299987792968750e+02 5.100000000000000000e+01 3.334000015258789062e+01
2.590299987792968750e+02 5.100000000000000000e+01 3.727999877929687500e+01
2.590299987792968750e+02 5.100000000000000000e+01 4.122000122070312500e+01
2.590299987792968750e+02 5.100000000000000000e+01 4.515999984741210938e+01
2.590299987792968750e+02 5.100000000000000000e+01 4.943999862670898438e+01
2.590299987792968750e+02 5.100000000000000000e+01 5.338000106811523438e+01
2.590299987792968750e+02 5.100000000000000000e+01 5.731999969482421875e+01
2.590299987792968750e+02 5.100000000000000000e+01 6.125999832153320312e+01
2.628699951171875000e+02 5.100000000000000000e+01 -6.325999832153320312e+01
2.628699951171875000e+02 5.100000000000000000e+01 -5.931999969482421875e+01
2.628699951171875000e+02 5.100000000000000000e+01 -5.538000106811523438e+01
2.628699951171875000e+02 5.100000000000000000e+01 -5.143999862670898438e+01
2.628699951171875000e+02 5.100000000000000000e+01 -4.715999984741210938e+01
2.628699951171875000e+02 5.100000000000000000e+01 -4.322000122070312500e+01
2.628699951171875000e+02 5.100000000000000000e+01 -3.927999877929687500e+01
2.628699951171875000e+02 5.100000000000000000e+01 -3.534000015258789062e+01
2.628699951171875000e+02 5.100000000000000000e+01 -3.105999946594238281e+01
2.628699951171875000e+02 5.100000000000000000e+01 -2.712000083923339844e+01
2.628699951171875000e+02 5.100000000000000000e+01 -2.318000030517578125e+01
2.628699951171875000e+02 5.100000000000000000e+01 -1.923999977111816406e+01
2.628699951171875000e+02 5.100000000000000000e+01 -1.496000003814697266e+01
2.628699951171875000e+02 5.100000000000000000e+01 -1.102000045776367188e+01
2.628699951171875000e+02 5.100000000000000000e+01 -7.079999923706054688e+00
2.628699951171875000e+02 5.100000000000000000e+01 -3.140000104904174805e+00
2.628699951171875000e+02 5.100000000000000000e+01 1.139999985694885254e+00
2.628699951171875000e+02 5.100000000000000000e+01 5.079999923706054688e+00
2.628699951171875000e+02 5.100000000000000000e+01 9.020000457763671875e+00
2.628699951171875000e+02 5.100000000000000000e+01 1.296000003814697266e+01
2.628699951171875000e+02 5.100000000000000000e+01 1.723999977111816406e+01
2.628699951171875000e+02 5.100000000000000000e+01 2.118000030517578125e+01
2.628699951171875000e+02 5.100000000000000000e+01 2.512000083923339844e+01
2.628699951171875000e+02 5.100000000000000000e+01 2.905999946594238281e+01
2.628699951171875000e+02 5.100000000000000000e+01 3.334000015258789062e+01
2.628699951171875000e+02 5.100000000000000000e+01 3.727999877929687500e+01
2.628699951171875000e+02 5.100000000000000000e+01 4.122000122070312500e+01
2.628699951171875000e+02 5.100000000000000000e+01 4.515999984741210938e+01
2.628699951171875000e+02 5.100000000000000000e+01 4.943999862670898438e+01
2.628699951171875000e+02 5.100000000000000000e+01 5.338000106811523438e+01
2.628699951171875000e+02 5.100000000000000000e+01 5.731999969482421875e+01
2.628699951171875000e+02 5.100000000000000000e+01 6.125999832153320312e+01
2.669100036621093750e+02 5.100000000000000000e+01 -6.325999832153320312e+01
2.669100036621093750e+02 5.100000000000000000e+01 -5.931999969482421875e+01
2.669100036621093750e+02 5.100000000000000000e+01 -5.538000106811523438e+01
2.669100036621093750e+02 5.100000000000000000e+01 -5.143999862670898438e+01
2.669100036621093750e+02 5.100000000000000000e+01 -4.715999984741210938e+01
2.669100036621093750e+02 5.100000000000000000e+01 -4.322000122070312500e+01
2.669100036621093750e+02 5.100000000000000000e+01 -3.927999877929687500e+01
2.669100036621093750e+02 5.100000000000000000e+01 -3.534000015258789062e+01
2.669100036621093750e+02 5.100000000000000000e+01 -3.105999946594238281e+01
2.669100036621093750e+02 5.100000000000000000e+01 -2.712000083923339844e+01
2.669100036621093750e+02 5.100000000000000000e+01 -2.318000030517578125e+01
2.669100036621093750e+02 5.100000000000000000e+01 -1.923999977111816406e+01
2.669100036621093750e+02 5.100000000000000000e+01 -1.496000003814697266e+01
2.669100036621093750e+02 5.100000000000000000e+01 -1.102000045776367188e+01
2.669100036621093750e+02 5.100000000000000000e+01 -7.079999923706054688e+00
2.669100036621093750e+02 5.100000000000000000e+01 -3.140000104904174805e+00
2.669100036621093750e+02 5.100000000000000000e+01 1.139999985694885254e+00
2.669100036621093750e+02 5.100000000000000000e+01 5.079999923706054688e+00
2.669100036621093750e+02 5.100000000000000000e+01 9.020000457763671875e+00
2.669100036621093750e+02 5.100000000000000000e+01 1.296000003814697266e+01
2.669100036621093750e+02 5.100000000000000000e+01 1.723999977111816406e+01
2.669100036621093750e+02 5.100000000000000000e+01 2.118000030517578125e+01
2.669100036621093750e+02 5.100000000000000000e+01 2.512000083923339844e+01
2.669100036621093750e+02 5.100000000000000000e+01 2.905999946594238281e+01
2.669100036621093750e+02 5.100000000000000000e+01 3.334000015258789062e+01
2.669100036621093750e+02 5.100000000000000000e+01 3.727999877929687500e+01
2.669100036621093750e+02 5.100000000000000000e+01 4.122000122070312500e+01
2.669100036621093750e+02 5.100000000000000000e+01 4.515999984741210938e+01
2.669100036621093750e+02 5.100000000000000000e+01 4.943999862670898438e+01
2.669100036621093750e+02 5.100000000000000000e+01 5.338000106811523438e+01
2.669100036621093750e+02 5.100000000000000000e+01 5.731999969482421875e+01
2.669100036621093750e+02 5.100000000000000000e+01 6.125999832153320312e+01
2.710899963378906250e+02 5.100000000000000000e+01 -6.325999832153320312e+01
2.710899963378906250e+02 5.100000000000000000e+01 -5.931999969482421875e+01
2.710899963378906250e+02 5.100000000000000000e+01 -5.538000106811523438e+01
2.710899963378906250e+02 5.100000000000000000e+01 -5.143999862670898438e+01
2.710899963378906250e+02 5.100000000000000000e+01 -4.715999984741210938e+01
2.710899963378906250e+02 5.100000000000000000e+01 -4.322000122070312500e+01
2.710899963378906250e+02 5.100000000000000000e+01 -3.927999877929687500e+01
2.710899963378906250e+02 5.100000000000000000e+01 -3.534000015258789062e+01
2.710899963378906250e+02 5.100000000000000000e+01 -3.105999946594238281e+01
2.710899963378906250e+02 5.100000000000000000e+01 -2.712000083923339844e+01
2.710899963378906250e+02 5.100000000000000000e+01 -2.318000030517578125e+01
2.710899963378906250e+02 5.100000000000000000e+01 -1.923999977111816406e+01
2.710899963378906250e+02 5.100000000000000000e+01 -1.496000003814697266e+01
2.710899963378906250e+02 5.100000000000000000e+01 -1.102000045776367188e+01
2.710899963378906250e+02 5.100000000000000000e+01 -7.079999923706054688e+00
2.710899963378906250e+02 5.100000000000000000e+01 -3.140000104904174805e+00
2.710899963378906250e+02 5.100000000000000000e+01 1.139999985694885254e+00
2.710899963378906250e+02 5.100000000000000000e+01 5.079999923706054688e+00
2.710899963378906250e+02 5.100000000000000000e+01 9.020000457763671875e+00
2.710899963378906250e+02 5.100000000000000000e+01 1.296000003814697266e+01
2.710899963378906250e+02 5.100000000000000000e+01 1.723999977111816406e+01
2.710899963378906250e+02 5.100000000000000000e+01 2.118000030517578125e+01
2.710899963378906250e+02 5.100000000000000000e+01 2.512000083923339844e+01
2.710899963378906250e+02 5.100000000000000000e+01 2.905999946594238281e+01
2.710899963378906250e+02 5.100000000000000000e+01 3.334000015258789062e+01
2.710899963378906250e+02 5.100000000000000000e+01 3.727999877929687500e+01
2.710899963378906250e+02 5.100000000000000000e+01 4.122000122070312500e+01
2.710899963378906250e+02 5.100000000000000000e+01 4.515999984741210938e+01
2.710899963378906250e+02 5.100000000000000000e+01 4.943999862670898438e+01
2.710899963378906250e+02 5.100000000000000000e+01 5.338000106811523438e+01
2.710899963378906250e+02 5.100000000000000000e+01 5.731999969482421875e+01
2.710899963378906250e+02 5.100000000000000000e+01 6.125999832153320312e+01
2.751300048828125000e+02 5.100000000000000000e+01 -6.325999832153320312e+01
2.751300048828125000e+02 5.100000000000000000e+01 -5.931999969482421875e+01
2.751300048828125000e+02 5.100000000000000000e+01 -5.538000106811523438e+01
2.751300048828125000e+02 5.100000000000000000e+01 -5.143999862670898438e+01
2.751300048828125000e+02 5.100000000000000000e+01 -4.715999984741210938e+01
2.751300048828125000e+02 5.100000000000000000e+01 -4.322000122070312500e+01
2.751300048828125000e+02 5.100000000000000000e+01 -3.927999877929687500e+01
2.751300048828125000e+02 5.100000000000000000e+01 -3.534000015258789062e+01
2.751300048828125000e+02 5.100000000000000000e+01 -3.105999946594238281e+01
2.751300048828125000e+02 5.100000000000000000e+01 -2.712000083923339844e+01
2.751300048828125000e+02 5.100000000000000000e+01 -2.318000030517578125e+01
2.751300048828125000e+02 5.100000000000000000e+01 -1.923999977111816406e+01
2.751300048828125000e+02 5.100000000000000000e+01 -1.496000003814697266e+01
2.751300048828125000e+02 5.100000000000000000e+01 -1.102000045776367188e+01
2.751300048828125000e+02 5.100000000000000000e+01 -7.079999923706054688e+00
2.751300048828125000e+02 5.100000000000000000e+01 -3.140000104904174805e+00
2.751300048828125000e+02 5.100000000000000000e+01 1.139999985694885254e+00
2.751300048828125000e+02 5.100000000000000000e+01 5.079999923706054688e+00
2.751300048828125000e+02 5.100000000000000000e+01 9.020000457763671875e+00
2.751300048828125000e+02 5.100000000000000000e+01 1.296000003814697266e+01
2.751300048828125000e+02 5.100000000000000000e+01 1.723999977111816406e+01
2.751300048828125000e+02 5.100000000000000000e+01 2.118000030517578125e+01
2.751300048828125000e+02 5.100000000000000000e+01 2.512000083923339844e+01
2.751300048828125000e+02 5.100000000000000000e+01 2.905999946594238281e+01
2.751300048828125000e+02 5.100000000000000000e+01 3.334000015258789062e+01
2.751300048828125000e+02 5.100000000000000000e+01 3.727999877929687500e+01
2.751300048828125000e+02 5.100000000000000000e+01 4.122000122070312500e+01
2.751300048828125000e+02 5.100000000000000000e+01 4.515999984741210938e+01
2.751300048828125000e+02 5.100000000000000000e+01 4.943999862670898438e+01
2.751300048828125000e+02 5.100000000000000000e+01 5.338000106811523438e+01
2.751300048828125000e+02 5.100000000000000000e+01 5.731999969482421875e+01
2.751300048828125000e+02 5.100000000000000000e+01 6.125999832153320312e+01
2.789700012207031250e+02 5.100000000000000000e+01 -6.325999832153320312e+01
2.789700012207031250e+02 5.100000000000000000e+01 -5.931999969482421875e+01
2.789700012207031250e+02 5.100000000000000000e+01 -5.538000106811523438e+01
2.789700012207031250e+02 5.100000000000000000e+01 -5.143999862670898438e+01
2.789700012207031250e+02 5.100000000000000000e+01 -4.715999984741210938e+01
2.789700012207031250e+02 5.100000000000000000e+01 -4.322000122070312500e+01
2.789700012207031250e+02 5.100000000000000000e+01 -3.927999877929687500e+01
2.789700012207031250e+02 5.100000000000000000e+01 -3.534000015258789062e+01
2.789700012207031250e+02 5.100000000000000000e+01 -3.105999946594238281e+01
2.789700012207031250e+02 5.100000000000000000e+01 -2.712000083923339844e+01
2.789700012207031250e+02 5.100000000000000000e+01 -2.318000030517578125e+01
2.789700012207031250e+02 5.100000000000000000e+01 -1.923999977111816406e+01
2.789700012207031250e+02 5.100000000000000000e+01 -1.496000003814697266e+01
2.789700012207031250e+02 5.100000000000000000e+01 -1.102000045776367188e+01
2.789700012207031250e+02 5.100000000000000000e+01 -7.079999923706054688e+00
2.789700012207031250e+02 5.100000000000000000e+01 -3.140000104904174805e+00
2.789700012207031250e+02 5.100000000000000000e+01 1.139999985694885254e+00
2.789700012207031250e+02 5.100000000000000000e+01 5.079999923706054688e+00
2.789700012207031250e+02 5.100000000000000000e+01 9.020000457763671875e+00
2.789700012207031250e+02 5.100000000000000000e+01 1.296000003814697266e+01
2.789700012207031250e+02 5.100000000000000000e+01 1.723999977111816406e+01
2.789700012207031250e+02 5.100000000000000000e+01 2.118000030517578125e+01
2.789700012207031250e+02 5.100000000000000000e+01 2.512000083923339844e+01
2.789700012207031250e+02 5.100000000000000000e+01 2.905999946594238281e+01
2.789700012207031250e+02 5.100000000000000000e+01 3.334000015258789062e+01
2.789700012207031250e+02 5.100000000000000000e+01 3.727999877929687500e+01
2.789700012207031250e+02 5.100000000000000000e+01 4.122000122070312500e+01
2.789700012207031250e+02 5.100000000000000000e+01 4.515999984741210938e+01
2.789700012207031250e+02 5.100000000000000000e+01 4.943999862670898438e+01
2.789700012207031250e+02 5.100000000000000000e+01 5.338000106811523438e+01
2.789700012207031250e+02 5.100000000000000000e+01 5.731999969482421875e+01
2.789700012207031250e+02 5.100000000000000000e+01 6.125999832153320312e+01
2.830100097656250000e+02 5.100000000000000000e+01 -6.325999832153320312e+01
2.830100097656250000e+02 5.100000000000000000e+01 -5.931999969482421875e+01
2.830100097656250000e+02 5.100000000000000000e+01 -5.538000106811523438e+01
2.830100097656250000e+02 5.100000000000000000e+01 -5.143999862670898438e+01
2.830100097656250000e+02 5.100000000000000000e+01 -4.715999984741210938e+01
2.830100097656250000e+02 5.100000000000000000e+01 -4.322000122070312500e+01
2.830100097656250000e+02 5.100000000000000000e+01 -3.927999877929687500e+01
2.830100097656250000e+02 5.100000000000000000e+01 -3.534000015258789062e+01
2.830100097656250000e+02 5.100000000000000000e+01 -3.105999946594238281e+01
2.830100097656250000e+02 5.100000000000000000e+01 -2.712000083923339844e+01
2.830100097656250000e+02 5.100000000000000000e+01 -2.318000030517578125e+01
2.830100097656250000e+02 5.100000000000000000e+01 -1.923999977111816406e+01
2.830100097656250000e+02 5.100000000000000000e+01 -1.496000003814697266e+01
2.830100097656250000e+02 5.100000000000000000e+01 -1.102000045776367188e+01
2.830100097656250000e+02 5.100000000000000000e+01 -7.079999923706054688e+00
2.830100097656250000e+02 5.100000000000000000e+01 -3.140000104904174805e+00
2.830100097656250000e+02 5.100000000000000000e+01 1.139999985694885254e+00
2.830100097656250000e+02 5.100000000000000000e+01 5.079999923706054688e+00
2.830100097656250000e+02 5.100000000000000000e+01 9.020000457763671875e+00
2.830100097656250000e+02 5.100000000000000000e+01 1.296000003814697266e+01
2.830100097656250000e+02 5.100000000000000000e+01 1.723999977111816406e+01
2.830100097656250000e+02 5.100000000000000000e+01 2.118000030517578125e+01
2.830100097656250000e+02 5.100000000000000000e+01 2.512000083923339844e+01
2.830100097656250000e+02 5.100000000000000000e+01 2.905999946594238281e+01
2.830100097656250000e+02 5.100000000000000000e+01 3.334000015258789062e+01
2.830100097656250000e+02 5.100000000000000000e+01 3.727999877929687500e+01
2.830100097656250000e+02 5.100000000000000000e+01 4.122000122070312500e+01
2.830100097656250000e+02 5.100000000000000000e+01 4.515999984741210938e+01
2.830100097656250000e+02 5.100000000000000000e+01 4.943999862670898438e+01
2.830100097656250000e+02 5.100000000000000000e+01 5.338000106811523438e+01
2.830100097656250000e+02 5.100000000000000000e+01 5.731999969482421875e+01
2.830100097656250000e+02 5.100000000000000000e+01 6.125999832153320312e+01
1.450399932861328125e+02 -5.100000000000000000e+01 -5.320999908447265625e+01
1.450399932861328125e+02 -5.100000000000000000e+01 -4.927000045776367188e+01
1.450399932861328125e+02 -5.100000000000000000e+01 -4.533000183105468750e+01
1.450399932861328125e+02 -5.100000000000000000e+01 -4.138999938964843750e+01
1.450399932861328125e+02 -5.100000000000000000e+01 -3.711000061035156250e+01
1.450399932861328125e+02 -5.100000000000000000e+01 -3.316999816894531250e+01
1.450399932861328125e+02 -5.100000000000000000e+01 -2.922999954223632812e+01
1.450399932861328125e+02 -5.100000000000000000e+01 -2.529000091552734375e+01
1.450399932861328125e+02 -5.100000000000000000e+01 -2.101000022888183594e+01
1.450399932861328125e+02 -5.100000000000000000e+01 -1.706999969482421875e+01
1.450399932861328125e+02 -5.100000000000000000e+01 -1.313000011444091797e+01
1.450399932861328125e+02 -5.100000000000000000e+01 -9.189999580383300781e+00
1.450399932861328125e+02 -5.100000000000000000e+01 -4.909999847412109375e+00
1.450399932861328125e+02 -5.100000000000000000e+01 -9.700000286102294922e-01
1.450399932861328125e+02 -5.100000000000000000e+01 2.970000028610229492e+00
1.450399932861328125e+02 -5.100000000000000000e+01 6.909999847412109375e+00
1.450399932861328125e+02 -5.100000000000000000e+01 1.118999958038330078e+01
1.450399932861328125e+02 -5.100000000000000000e+01 1.513000011444091797e+01
1.450399932861328125e+02 -5.100000000000000000e+01 1.906999969482421875e+01
1.450399932861328125e+02 -5.100000000000000000e+01 2.301000022888183594e+01
1.450399932861328125e+02 -5.100000000000000000e+01 2.729000091552734375e+01
1.450399932861328125e+02 -5.100000000000000000e+01 3.122999954223632812e+01
1.450399932861328125e+02 -5.100000000000000000e+01 3.516999816894531250e+01
1.450399932861328125e+02 -5.100000000000000000e+01 3.911000061035156250e+01
1.450399932861328125e+02 -5.100000000000000000e+01 4.338999938964843750e+01
1.450399932861328125e+02 -5.100000000000000000e+01 4.733000183105468750e+01
1.450399932861328125e+02 -5.100000000000000000e+01 5.127000045776367188e+01
1.450399932861328125e+02 -5.100000000000000000e+01 5.520999908447265625e+01
1.490800018310546875e+02 -5.100000000000000000e+01 -5.320999908447265625e+01
1.490800018310546875e+02 -5.100000000000000000e+01 -4.927000045776367188e+01
1.490800018310546875e+02 -5.100000000000000000e+01 -4.533000183105468750e+01
1.490800018310546875e+02 -5.100000000000000000e+01 -4.138999938964843750e+01
1.490800018310546875e+02 -5.100000000000000000e+01 -3.711000061035156250e+01
1.490800018310546875e+02 -5.100000000000000000e+01 -3.316999816894531250e+01
1.490800018310546875e+02 -5.100000000000000000e+01 -2.922999954223632812e+01
1.490800018310546875e+02 -5.100000000000000000e+01 -2.529000091552734375e+01
1.490800018310546875e+02 -5.100000000000000000e+01 -2.101000022888183594e+01
1.490800018310546875e+02 -5.100000000000000000e+01 -1.706999969482421875e+01
1.490800018310546875e+02 -5.100000000000000000e+01 -1.313000011444091797e+01
1.490800018310546875e+02 -5.100000000000000000e+01 -9.189999580383300781e+00
1.490800018310546875e+02 -5.100000000000000000e+01 -4.909999847412109375e+00
1.490800018310546875e+02 -5.100000000000000000e+01 -9.700000286102294922e-01
1.490800018310546875e+02 -5.100000000000000000e+01 2.970000028610229492e+00
1.490800018310546875e+02 -5.100000000000000000e+01 6.909999847412109375e+00
1.490800018310546875e+02 -5.100000000000000000e+01 1.118999958038330078e+01
1.490800018310546875e+02 -5.100000000000000000e+01 1.513000011444091797e+01
1.490800018310546875e+02 -5.100000000000000000e+01 1.906999969482421875e+01
1.490800018310546875e+02 -5.100000000000000000e+01 2.301000022888183594e+01
1.490800018310546875e+02 -5.100000000000000000e+01 2.729000091552734375e+01
1.490800018310546875e+02 -5.100000000000000000e+01 3.122999954223632812e+01
1.490800018310546875e+02 -5.100000000000000000e+01 3.516999816894531250e+01
1.490800018310546875e+02 -5.100000000000000000e+01 3.911000061035156250e+01
1.490800018310546875e+02 -5.100000000000000000e+01 4.338999938964843750e+01
1.490800018310546875e+02 -5.100000000000000000e+01 4.733000183105468750e+01
1.490800018310546875e+02 -5.100000000000000000e+01 5.127000045776367188e+01
1.490800018310546875e+02 -5.100000000000000000e+01 5.520999908447265625e+01
1.529199981689453125e+02 -5.100000000000000000e+01 -5.320999908447265625e+01
1.529199981689453125e+02 -5.100000000000000000e+01 -4.927000045776367188e+01
1.529199981689453125e+02 -5.100000000000000000e+01 -4.533000183105468750e+01
1.529199981689453125e+02 -5.100000000000000000e+01 -4.138999938964843750e+01
1.529199981689453125e+02 -5.100000000000000000e+01 -3.711000061035156250e+01
1.529199981689453125e+02 -5.100000000000000000e+01 -3.316999816894531250e+01
1.529199981689453125e+02 -5.100000000000000000e+01 -2.922999954223632812e+01
1.529199981689453125e+02 -5.100000000000000000e+01 -2.529000091552734375e+01
1.529199981689453125e+02 -5.100000000000000000e+01 -2.101000022888183594e+01
1.529199981689453125e+02 -5.100000000000000000e+01 -1.706999969482421875e+01
1.529199981689453125e+02 -5.100000000000000000e+01 -1.313000011444091797e+01
1.529199981689453125e+02 -5.100000000000000000e+01 -9.189999580383300781e+00
1.529199981689453125e+02 -5.100000000000000000e+01 -4.909999847412109375e+00
1.529199981689453125e+02 -5.100000000000000000e+01 -9.700000286102294922e-01
1.529199981689453125e+02 -5.100000000000000000e+01 2.970000028610229492e+00
1.529199981689453125e+02 -5.100000000000000000e+01 6.909999847412109375e+00
1.529199981689453125e+02 -5.100000000000000000e+01 1.118999958038330078e+01
1.529199981689453125e+02 -5.100000000000000000e+01 1.513000011444091797e+01
1.529199981689453125e+02 -5.100000000000000000e+01 1.906999969482421875e+01
1.529199981689453125e+02 -5.100000000000000000e+01 2.301000022888183594e+01
1.529199981689453125e+02 -5.100000000000000000e+01 2.729000091552734375e+01
1.529199981689453125e+02 -5.100000000000000000e+01 3.122999954223632812e+01
1.529199981689453125e+02 -5.100000000000000000e+01 3.516999816894531250e+01
1.529199981689453125e+02 -5.100000000000000000e+01 3.911000061035156250e+01
1.529199981689453125e+02 -5.100000000000000000e+01 4.338999938964843750e+01
1.529199981689453125e+02 -5.100000000000000000e+01 4.733000183105468750e+01
1.529199981689453125e+02 -5.100000000000000000e+01 5.127000045776367188e+01
1.529199981689453125e+02 -5.100000000000000000e+01 5.520999908447265625e+01
1.569600067138671875e+02 -5.100000000000000000e+01 -5.320999908447265625e+01
1.569600067138671875e+02 -5.100000000000000000e+01 -4.927000045776367188e+01
1.569600067138671875e+02 -5.100000000000000000e+01 -4.533000183105468750e+01
1.569600067138671875e+02 -5.100000000000000000e+01 -4.138999938964843750e+01
1.569600067138671875e+02 -5.100000000000000000e+01 -3.711000061035156250e+01
1.569600067138671875e+02 -5.100000000000000000e+01 -3.316999816894531250e+01
1.569600067138671875e+02 -5.100000000000000000e+01 -2.922999954223632812e+01
1.569600067138671875e+02 -5.100000000000000000e+01 -2.529000091552734375e+01
1.569600067138671875e+02 -5.100000000000000000e+01 -2.101000022888183594e+01
1.569600067138671875e+02 -5.100000000000000000e+01 -1.706999969482421875e+01
1.569600067138671875e+02 -5.100000000000000000e+01 -1.313000011444091797e+01
1.569600067138671875e+02 -5.100000000000000000e+01 -9.189999580383300781e+00
1.569600067138671875e+02 -5.100000000000000000e+01 -4.909999847412109375e+00
1.569600067138671875e+02 -5.100000000000000000e+01 -9.700000286102294922e-01
1.569600067138671875e+02 -5.100000000000000000e+01 2.970000028610229492e+00
1.569600067138671875e+02 -5.100000000000000000e+01 6.909999847412109375e+00
1.569600067138671875e+02 -5.100000000000000000e+01 1.118999958038330078e+01
1.569600067138671875e+02 -5.100000000000000000e+01 1.513000011444091797e+01
1.569600067138671875e+02 -5.100000000000000000e+01 1.906999969482421875e+01
1.569600067138671875e+02 -5.100000000000000000e+01 2.301000022888183594e+01
1.569600067138671875e+02 -5.100000000000000000e+01 2.729000091552734375e+01
1.569600067138671875e+02 -5.100000000000000000e+01 3.122999954223632812e+01
1.569600067138671875e+02 -5.100000000000000000e+01 3.516999816894531250e+01
1.569600067138671875e+02 -5.100000000000000000e+01 3.911000061035156250e+01
1.569600067138671875e+02 -5.100000000000000000e+01 4.338999938964843750e+01
1.569600067138671875e+02 -5.100000000000000000e+01 4.733000183105468750e+01
1.569600067138671875e+02 -5.100000000000000000e+01 5.127000045776367188e+01
1.569600067138671875e+02 -5.100000000000000000e+01 5.520999908447265625e+01
2.569899902343750000e+02 -5.100000000000000000e+01 -6.125999832153320312e+01
2.569899902343750000e+02 -5.100000000000000000e+01 -5.731999969482421875e+01
2.569899902343750000e+02 -5.100000000000000000e+01 -5.338000106811523438e+01
2.569899902343750000e+02 -5.100000000000000000e+01 -4.943999862670898438e+01
2.569899902343750000e+02 -5.100000000000000000e+01 -4.515999984741210938e+01
2.569899902343750000e+02 -5.100000000000000000e+01 -4.122000122070312500e+01
2.569899902343750000e+02 -5.100000000000000000e+01 -3.727999877929687500e+01
2.569899902343750000e+02 -5.100000000000000000e+01 -3.334000015258789062e+01
2.569899902343750000e+02 -5.100000000000000000e+01 -2.905999946594238281e+01
2.569899902343750000e+02 -5.100000000000000000e+01 -2.512000083923339844e+01
2.569899902343750000e+02 -5.100000000000000000e+01 -2.118000030517578125e+01
2.569899902343750000e+02 -5.100000000000000000e+01 -1.723999977111816406e+01
2.569899902343750000e+02 -5.100000000000000000e+01 -1.296000003814697266e+01
2.569899902343750000e+02 -5.100000000000000000e+01 -9.020000457763671875e+00
2.569899902343750000e+02 -5.100000000000000000e+01 -5.079999923706054688e+00
2.569899902343750000e+02 -5.100000000000000000e+01 -1.139999985694885254e+00
2.569899902343750000e+02 -5.100000000000000000e+01 3.140000104904174805e+00
2.569899902343750000e+02 -5.100000000000000000e+01 7.079999923706054688e+00
2.569899902343750000e+02 -5.100000000000000000e+01 1.102000045776367188e+01
2.569899902343750000e+02 -5.100000000000000000e+01 1.496000003814697266e+01
2.569899902343750000e+02 -5.100000000000000000e+01 1.923999977111816406e+01
2.569899902343750000e+02 -5.100000000000000000e+01 2.318000030517578125e+01
2.569899902343750000e+02 -5.100000000000000000e+01 2.712000083923339844e+01
2.569899902343750000e+02 -5.100000000000000000e+01 3.105999946594238281e+01
2.569899902343750000e+02 -5.100000000000000000e+01 3.534000015258789062e+01
2.569899902343750000e+02 -5.100000000000000000e+01 3.927999877929687500e+01
2.569899902343750000e+02 -5.100000000000000000e+01 4.322000122070312500e+01
2.569899902343750000e+02 -5.100000000000000000e+01 4.715999984741210938e+01
2.569899902343750000e+02 -5.100000000000000000e+01 5.143999862670898438e+01
2.569899902343750000e+02 -5.100000000000000000e+01 5.538000106811523438e+01
2.569899902343750000e+02 -5.100000000000000000e+01 5.931999969482421875e+01
2.569899902343750000e+02 -5.100000000000000000e+01 6.325999832153320312e+01
2.610299987792968750e+02 -5.100000000000000000e+01 -6.125999832153320312e+01
2.610299987792968750e+02 -5.100000000000000000e+01 -5.731999969482421875e+01
2.610299987792968750e+02 -5.100000000000000000e+01 -5.338000106811523438e+01
2.610299987792968750e+02 -5.100000000000000000e+01 -4.943999862670898438e+01
2.610299987792968750e+02 -5.100000000000000000e+01 -4.515999984741210938e+01
2.610299987792968750e+02 -5.100000000000000000e+01 -4.122000122070312500e+01
2.610299987792968750e+02 -5.100000000000000000e+01 -3.727999877929687500e+01
2.610299987792968750e+02 -5.100000000000000000e+01 -3.334000015258789062e+01
2.610299987792968750e+02 -5.100000000000000000e+01 -2.905999946594238281e+01
2.610299987792968750e+02 -5.100000000000000000e+01 -2.512000083923339844e+01
2.610299987792968750e+02 -5.100000000000000000e+01 -2.118000030517578125e+01
2.610299987792968750e+02 -5.100000000000000000e+01 -1.723999977111816406e+01
2.610299987792968750e+02 -5.100000000000000000e+01 -1.296000003814697266e+01
2.610299987792968750e+02 -5.100000000000000000e+01 -9.020000457763671875e+00
2.610299987792968750e+02 -5.100000000000000000e+01 -5.079999923706054688e+00
2.610299987792968750e+02 -5.100000000000000000e+01 -1.139999985694885254e+00
2.610299987792968750e+02 -5.100000000000000000e+01 3.140000104904174805e+00
2.610299987792968750e+02 -5.100000000000000000e+01 7.079999923706054688e+00
2.610299987792968750e+02 -5.100000000000000000e+01 1.102000045776367188e+01
2.610299987792968750e+02 -5.100000000000000000e+01 1.496000003814697266e+01
2.610299987792968750e+02 -5.100000000000000000e+01 1.923999977111816406e+01
2.610299987792968750e+02 -5.100000000000000000e+01 2.318000030517578125e+01
2.610299987792968750e+02 -5.100000000000000000e+01 2.712000083923339844e+01
2.610299987792968750e+02 -5.100000000000000000e+01 3.105999946594238281e+01
2.610299987792968750e+02 -5.100000000000000000e+01 3.534000015258789062e+01
2.610299987792968750e+02 -5.100000000000000000e+01 3.927999877929687500e+01
2.610299987792968750e+02 -5.100000000000000000e+01 4.322000122070312500e+01
2.610299987792968750e+02 -5.100000000000000000e+01 4.715999984741210938e+01
2.610299987792968750e+02 -5.100000000000000000e+01 5.143999862670898438e+01
2.610299987792968750e+02 -5.100000000000000000e+01 5.538000106811523438e+01
2.610299987792968750e+02 -5.100000000000000000e+01 5.931999969482421875e+01
2.610299987792968750e+02 -5.100000000000000000e+01 6.325999832153320312e+01
2.648699951171875000e+02 -5.100000000000000000e+01 -6.125999832153320312e+01
2.648699951171875000e+02 -5.100000000000000000e+01 -5.731999969482421875e+01
2.648699951171875000e+02 -5.100000000000000000e+01 -5.338000106811523438e+01
2.648699951171875000e+02 -5.100000000000000000e+01 -4.943999862670898438e+01
2.648699951171875000e+02 -5.100000000000000000e+01 -4.515999984741210938e+01
2.648699951171875000e+02 -5.100000000000000000e+01 -4.122000122070312500e+01
2.648699951171875000e+02 -5.100000000000000000e+01 -3.727999877929687500e+01
2.648699951171875000e+02 -5.100000000000000000e+01 -3.334000015258789062e+01
2.648699951171875000e+02 -5.100000000000000000e+01 -2.905999946594238281e+01
2.648699951171875000e+02 -5.100000000000000000e+01 -2.512000083923339844e+01
2.648699951171875000e+02 -5.100000000000000000e+01 -2.118000030517578125e+01
2.648699951171875000e+02 -5.100000000000000000e+01 -1.723999977111816406e+01
2.648699951171875000e+02 -5.100000000000000000e+01 -1.296000003814697266e+01
2.648699951171875000e+02 -5.100000000000000000e+01 -9.020000457763671875e+00
2.648699951171875000e+02 -5.100000000000000000e+01 -5.079999923706054688e+00
2.648699951171875000e+02 -5.100000000000000000e+01 -1.139999985694885254e+00
2.648699951171875000e+02 -5.100000000000000000e+01 3.140000104904174805e+00
2.648699951171875000e+02 -5.100000000000000000e+01 7.079999923706054688e+00
2.648699951171875000e+02 -5.100000000000000000e+01 1.102000045776367188e+01
2.648699951171875000e+02 -5.100000000000000000e+01 1.496000003814697266e+01
2.648699951171875000e+02 -5.100000000000000000e+01 1.923999977111816406e+01
2.648699951171875000e+02 -5.100000000000000000e+01 2.318000030517578125e+01
2.648699951171875000e+02 -5.100000000000000000e+01 2.712000083923339844e+01
2.648699951171875000e+02 -5.100000000000000000e+01 3.105999946594238281e+01
2.648699951171875000e+02 -5.100000000000000000e+01 3.534000015258789062e+01
2.648699951171875000e+02 -5.100000000000000000e+01 3.927999877929687500e+01
2.648699951171875000e+02 -5.100000000000000000e+01 4.322000122070312500e+01
2.648699951171875000e+02 -5.100000000000000000e+01 4.715999984741210938e+01
2.648699951171875000e+02 -5.100000000000000000e+01 5.143999862670898438e+01
2.648699951171875000e+02 -5.100000000000000000e+01 5.538000106811523438e+01
2.648699951171875000e+02 -5.100000000000000000e+01 5.931999969482421875e+01
2.648699951171875000e+02 -5.100000000000000000e+01 6.325999832153320312e+01
2.689100036621093750e+02 -5.100000000000000000e+01 -6.125999832153320312e+01
2.689100036621093750e+02 -5.100000000000000000e+01 -5.731999969482421875e+01
2.689100036621093750e+02 -5.100000000000000000e+01 -5.338000106811523438e+01
2.689100036621093750e+02 -5.100000000000000000e+01 -4.943999862670898438e+01
2.689100036621093750e+02 -5.100000000000000000e+01 -4.515999984741210938e+01
2.689100036621093750e+02 -5.100000000000000000e+01 -4.122000122070312500e+01
2.689100036621093750e+02 -5.100000000000000000e+01 -3.727999877929687500e+01
2.689100036621093750e+02 -5.100000000000000000e+01 -3.334000015258789062e+01
2.689100036621093750e+02 -5.100000000000000000e+01 -2.905999946594238281e+01
2.689100036621093750e+02 -5.100000000000000000e+01 -2.512000083923339844e+01
2.689100036621093750e+02 -5.100000000000000000e+01 -2.118000030517578125e+01
2.689100036621093750e+02 -5.100000000000000000e+01 -1.723999977111816406e+01
2.689100036621093750e+02 -5.100000000000000000e+01 -1.296000003814697266e+01
2.689100036621093750e+02 -5.100000000000000000e+01 -9.020000457763671875e+00
2.689100036621093750e+02 -5.100000000000000000e+01 -5.079999923706054688e+00
2.689100036621093750e+02 -5.100000000000000000e+01 -1.139999985694885254e+00
2.689100036621093750e+02 -5.100000000000000000e+01 3.140000104904174805e+00
2.689100036621093750e+02 -5.100000000000000000e+01 7.079999923706054688e+00
2.689100036621093750e+02 -5.100000000000000000e+01 1.102000045776367188e+01
2.689100036621093750e+02 -5.100000000000000000e+01 1.496000003814697266e+01
2.689100036621093750e+02 -5.100000000000000000e+01 1.923999977111816406e+01
2.689100036621093750e+02 -5.100000000000000000e+01 2.318000030517578125e+01
2.689100036621093750e+02 -5.100000000000000000e+01 2.712000083923339844e+01
2.689100036621093750e+02 -5.100000000000000000e+01 3.105999946594238281e+01
2.689100036621093750e+02 -5.100000000000000000e+01 3.534000015258789062e+01
2.689100036621093750e+02 -5.100000000000000000e+01 3.927999877929687500e+01
2.689100036621093750e+02 -5.100000000000000000e+01 4.322000122070312500e+01
2.689100036621093750e+02 -5.100000000000000000e+01 4.715999984741210938e+01
2.689100036621093750e+02 -5.100000000000000000e+01 5.143999862670898438e+01
2.689100036621093750e+02 -5.100000000000000000e+01 5.538000106811523438e+01
2.689100036621093750e+02 -5.100000000000000000e+01 5.931999969482421875e+01
2.689100036621093750e+02 -5.100000000000000000e+01 6.325999832153320312e+01
2.730899963378906250e+02 -5.100000000000000000e+01 -6.125999832153320312e+01
2.730899963378906250e+02 -5.100000000000000000e+01 -5.731999969482421875e+01
2.730899963378906250e+02 -5.100000000000000000e+01 -5.338000106811523438e+01
2.730899963378906250e+02 -5.100000000000000000e+01 -4.943999862670898438e+01
2.730899963378906250e+02 -5.100000000000000000e+01 -4.515999984741210938e+01
2.730899963378906250e+02 -5.100000000000000000e+01 -4.122000122070312500e+01
2.730899963378906250e+02 -5.100000000000000000e+01 -3.727999877929687500e+01
2.730899963378906250e+02 -5.100000000000000000e+01 -3.334000015258789062e+01
2.730899963378906250e+02 -5.100000000000000000e+01 -2.905999946594238281e+01
2.730899963378906250e+02 -5.100000000000000000e+01 -2.512000083923339844e+01
2.730899963378906250e+02 -5.100000000000000000e+01 -2.118000030517578125e+01
2.730899963378906250e+02 -5.100000000000000000e+01 -1.723999977111816406e+01
2.730899963378906250e+02 -5.100000000000000000e+01 -1.296000003814697266e+01
2.730899963378906250e+02 -5.100000000000000000e+01 -9.020000457763671875e+00
2.730899963378906250e+02 -5.100000000000000000e+01 -5.079999923706054688e+00
2.730899963378906250e+02 -5.100000000000000000e+01 -1.139999985694885254e+00
2.730899963378906250e+02 -5.100000000000000000e+01 3.140000104904174805e+00
2.730899963378906250e+02 -5.100000000000000000e+01 7.079999923706054688e+00
2.730899963378906250e+02 -5.100000000000000000e+01 1.102000045776367188e+01
2.730899963378906250e+02 -5.100000000000000000e+01 1.496000003814697266e+01
2.730899963378906250e+02 -5.100000000000000000e+01 1.923999977111816406e+01
2.730899963378906250e+02 -5.100000000000000000e+01 2.318000030517578125e+01
2.730899963378906250e+02 -5.100000000000000000e+01 2.712000083923339844e+01
2.730899963378906250e+02 -5.100000000000000000e+01 3.105999946594238281e+01
2.730899963378906250e+02 -5.100000000000000000e+01 3.534000015258789062e+01
2.730899963378906250e+02 -5.100000000000000000e+01 3.927999877929687500e+01
2.730899963378906250e+02 -5.100000000000000000e+01 4.322000122070312500e+01
2.730899963378906250e+02 -5.100000000000000000e+01 4.715999984741210938e+01
2.730899963378906250e+02 -5.100000000000000000e+01 5.143999862670898438e+01
2.730899963378906250e+02 -5.100000000000000000e+01 5.538000106811523438e+01
2.730899963378906250e+02 -5.100000000000000000e+01 5.931999969482421875e+01
2.730899963378906250e+02 -5.100000000000000000e+01 6.325999832153320312e+01
2.771300048828125000e+02 -5.100000000000000000e+01 -6.125999832153320312e+01
2.771300048828125000e+02 -5.100000000000000000e+01 -5.731999969482421875e+01
2.771300048828125000e+02 -5.100000000000000000e+01 -5.338000106811523438e+01
2.771300048828125000e+02 -5.100000000000000000e+01 -4.943999862670898438e+01
2.771300048828125000e+02 -5.100000000000000000e+01 -4.515999984741210938e+01
2.771300048828125000e+02 -5.100000000000000000e+01 -4.122000122070312500e+01
2.771300048828125000e+02 -5.100000000000000000e+01 -3.727999877929687500e+01
2.771300048828125000e+02 -5.100000000000000000e+01 -3.334000015258789062e+01
2.771300048828125000e+02 -5.100000000000000000e+01 -2.905999946594238281e+01
2.771300048828125000e+02 -5.100000000000000000e+01 -2.512000083923339844e+01
2.771300048828125000e+02 -5.100000000000000000e+01 -2.118000030517578125e+01
2.771300048828125000e+02 -5.100000000000000000e+01 -1.723999977111816406e+01
2.771300048828125000e+02 -5.100000000000000000e+01 -1.296000003814697266e+01
2.771300048828125000e+02 -5.100000000000000000e+01 -9.020000457763671875e+00
2.771300048828125000e+02 -5.100000000000000000e+01 -5.079999923706054688e+00
2.771300048828125000e+02 -5.100000000000000000e+01 -1.139999985694885254e+00
2.771300048828125000e+02 -5.100000000000000000e+01 3.140000104904174805e+00
2.771300048828125000e+02 -5.100000000000000000e+01 7.079999923706054688e+00
2.771300048828125000e+02 -5.100000000000000000e+01 1.102000045776367188e+01
2.771300048828125000e+02 -5.100000000000000000e+01 1.496000003814697266e+01
2.771300048828125000e+02 -5.100000000000000000e+01 1.923999977111816406e+01
2.771300048828125000e+02 -5.100000000000000000e+01 2.318000030517578125e+01
2.771300048828125000e+02 -5.100000000000000000e+01 2.712000083923339844e+01
2.771300048828125000e+02 -5.100000000000000000e+01 3.105999946594238281e+01
2.771300048828125000e+02 -5.100000000000000000e+01 3.534000015258789062e+01
2.771300048828125000e+02 -5.100000000000000000e+01 3.927999877929687500e+01
2.771300048828125000e+02 -5.100000000000000000e+01 4.322000122070312500e+01
2.771300048828125000e+02 -5.100000000000000000e+01 4.715999984741210938e+01
2.771300048828125000e+02 -5.100000000000000000e+01 5.143999862670898438e+01
2.771300048828125000e+02 -5.100000000000000000e+01 5.538000106811523438e+01
2.771300048828125000e+02 -5.100000000000000000e+01 5.931999969482421875e+01
2.771300048828125000e+02 -5.100000000000000000e+01 6.325999832153320312e+01
2.809700012207031250e+02 -5.100000000000000000e+01 -6.125999832153320312e+01
2.809700012207031250e+02 -5.100000000000000000e+01 -5.731999969482421875e+01
2.809700012207031250e+02 -5.100000000000000000e+01 -5.338000106811523438e+01
2.809700012207031250e+02 -5.100000000000000000e+01 -4.943999862670898438e+01
2.809700012207031250e+02 -5.100000000000000000e+01 -4.515999984741210938e+01
2.809700012207031250e+02 -5.100000000000000000e+01 -4.122000122070312500e+01
2.809700012207031250e+02 -5.100000000000000000e+01 -3.727999877929687500e+01
2.809700012207031250e+02 -5.100000000000000000e+01 -3.334000015258789062e+01
2.809700012207031250e+02 -5.100000000000000000e+01 -2.905999946594238281e+01
2.809700012207031250e+02 -5.100000000000000000e+01 -2.512000083923339844e+01
2.809700012207031250e+02 -5.100000000000000000e+01 -2.118000030517578125e+01
2.809700012207031250e+02 -5.100000000000000000e+01 -1.723999977111816406e+01
2.809700012207031250e+02 -5.100000000000000000e+01 -1.296000003814697266e+01
2.809700012207031250e+02 -5.100000000000000000e+01 -9.020000457763671875e+00
2.809700012207031250e+02 -5.100000000000000000e+01 -5.079999923706054688e+00
2.809700012207031250e+02 -5.100000000000000000e+01 -1.139999985694885254e+00
2.809700012207031250e+02 -5.100000000000000000e+01 3.140000104904174805e+00
2.809700012207031250e+02 -5.100000000000000000e+01 7.079999923706054688e+00
2.809700012207031250e+02 -5.100000000000000000e+01 1.102000045776367188e+01
2.809700012207031250e+02 -5.100000000000000000e+01 1.496000003814697266e+01
2.809700012207031250e+02 -5.100000000000000000e+01 1.923999977111816406e+01
2.809700012207031250e+02 -5.100000000000000000e+01 2.318000030517578125e+01
2.809700012207031250e+02 -5.100000000000000000e+01 2.712000083923339844e+01
2.809700012207031250e+02 -5.100000000000000000e+01 3.105999946594238281e+01
2.809700012207031250e+02 -5.100000000000000000e+01 3.534000015258789062e+01
2.809700012207031250e+02 -5.100000000000000000e+01 3.927999877929687500e+01
2.809700012207031250e+02 -5.100000000000000000e+01 4.322000122070312500e+01
2.809700012207031250e+02 -5.100000000000000000e+01 4.715999984741210938e+01
2.809700012207031250e+02 -5.100000000000000000e+01 5.143999862670898438e+01
2.809700012207031250e+02 -5.100000000000000000e+01 5.538000106811523438e+01
2.809700012207031250e+02 -5.100000000000000000e+01 5.931999969482421875e+01
2.809700012207031250e+02 -5.100000000000000000e+01 6.325999832153320312e+01
2.850100097656250000e+02 -5.100000000000000000e+01 -6.125999832153320312e+01
2.850100097656250000e+02 -5.100000000000000000e+01 -5.731999969482421875e+01
2.850100097656250000e+02 -5.100000000000000000e+01 -5.338000106811523438e+01
2.850100097656250000e+02 -5.100000000000000000e+01 -4.943999862670898438e+01
2.850100097656250000e+02 -5.100000000000000000e+01 -4.515999984741210938e+01
2.850100097656250000e+02 -5.100000000000000000e+01 -4.122000122070312500e+01
2.850100097656250000e+02 -5.100000000000000000e+01 -3.727999877929687500e+01
2.850100097656250000e+02 -5.100000000000000000e+01 -3.334000015258789062e+01
2.850100097656250000e+02 -5.100000000000000000e+01 -2.905999946594238281e+01
2.850100097656250000e+02 -5.100000000000000000e+01 -2.512000083923339844e+01
2.850100097656250000e+02 -5.100000000000000000e+01 -2.118000030517578125e+01
2.850100097656250000e+02 -5.100000000000000000e+01 -1.723999977111816406e+01
2.850100097656250000e+02 -5.100000000000000000e+01 -1.296000003814697266e+01
2.850100097656250000e+02 -5.100000000000000000e+01 -9.020000457763671875e+00
2.850100097656250000e+02 -5.100000000000000000e+01 -5.079999923706054688e+00
2.850100097656250000e+02 -5.100000000000000000e+01 -1.139999985694885254e+00
2.850100097656250000e+02 -5.100000000000000000e+01 3.140000104904174805e+00
2.850100097656250000e+02 -5.100000000000000000e+01 7.079999923706054688e+00
2.850100097656250000e+02 -5.100000000000000000e+01 1.102000045776367188e+01
2.850100097656250000e+02 -5.100000000000000000e+01 1.496000003814697266e+01
2.850100097656250000e+02 -5.100000000000000000e+01 1.923999977111816406e+01
2.850100097656250000e+02 -5.100000000000000000e+01 2.318000030517578125e+01
2.850100097656250000e+02 -5.100000000000000000e+01 2.712000083923339844e+01
2.850100097656250000e+02 -5.100000000000000000e+01 3.105999946594238281e+01
2.850100097656250000e+02 -5.100000000000000000e+01 3.534000015258789062e+01
2.850100097656250000e+02 -5.100000000000000000e+01 3.927999877929687500e+01
2.850100097656250000e+02 -5.100000000000000000e+01 4.322000122070312500e+01
2.850100097656250000e+02 -5.100000000000000000e+01 4.715999984741210938e+01
2.850100097656250000e+02 -5.100000000000000000e+01 5.143999862670898438e+01
2.850100097656250000e+02 -5.100000000000000000e+01 5.538000106811523438e+01
2.850100097656250000e+02 -5.100000000000000000e+01 5.931999969482421875e+01
2.850100097656250000e+02 -5.100000000000000000e+01 6.325999832153320312e+01
